name=frodo640
scheme=Frodo
sigma=2.8
support_min=0
support_max=12
precision_k=15
renyi_order=200
target_distribution=conditioned_support
max_denominator_bits=15
max_pointwise_error=2^-15
max_statistical_distance=report
max_log2_renyi_minus_one=report
epsilon_min=0.4494254865977709370542702176372781713407
epsilon_max=0.4758475765053098049649466106664200119634
epsilon_initial_trials=257
epsilon_schedule=logarithmic-grid
